{
    "pt1x":0.0,
    "pt1y":0.0,
    "pt2x":0.0,
    "pt2y":0.0,
    "pt3x":0.0,
    "pt3y":0.0,
    "ptAllRn":0.0,
    "ptAllRp":1.1,
    "ptAllx":-33.0357142,
    "ptAlly":-24.1071428
}
